[gd_scene load_steps=5 format=2]

[ext_resource path="res://BigShip.tscn" type="PackedScene" id=1]

[sub_resource type="CubeMesh" id=1]
size = Vector3( 5, 25, 5 )

[sub_resource type="SpatialMaterial" id=2]
albedo_color = Color( 1, 0.541176, 0, 1 )

[sub_resource type="CubeMesh" id=3]
size = Vector3( 5, 10, 5 )

[node name="CapitalShip" groups=["CapitalShips"] instance=ExtResource( 1 )]

[node name="Cannon" type="Spatial" parent="." index="8"]
transform = Transform( 1, 0, 0, 0, 0.464842, 0.885394, 0, -0.885394, 0.464842, 0, -50.8806, 0 )

[node name="MeshInstance" type="MeshInstance" parent="Cannon" index="0"]
transform = Transform( 1, 0, 0, 0, 0.959614, 0.28132, 0, -0.28132, 0.959614, 0, -7.74594, -3.49599 )
mesh = SubResource( 1 )
material/0 = SubResource( 2 )

[node name="MeshInstance2" type="MeshInstance" parent="Cannon" index="1"]
transform = Transform( 1, 0, 0, 0, 0.418913, -0.908026, 0, 0.908026, 0.418913, 0, 3.36193, -2.64166 )
mesh = SubResource( 3 )
material/0 = SubResource( 2 )
