[gd_scene load_steps=11 format=2]

[ext_resource path="res://assets/materials/grid.tres" type="Material" id=1]
[ext_resource path="res://src/Levels/Box.tscn" type="PackedScene" id=2]
[ext_resource path="res://src/Troops/Player.tscn" type="PackedScene" id=3]
[ext_resource path="res://src/Levels/PlayerTroopCam.gd" type="Script" id=4]
[ext_resource path="res://src/Levels/Level.gd" type="Script" id=5]
[ext_resource path="res://PlayerShip.tscn" type="PackedScene" id=6]
[ext_resource path="res://ShipCamera.gd" type="Script" id=7]
[ext_resource path="res://PilotManager.gd" type="Script" id=8]

[sub_resource type="PlaneMesh" id=1]
size = Vector2( 400, 400 )

[sub_resource type="ConcavePolygonShape" id=2]
data = PoolVector3Array( 200, 0, 200, -200, 0, 200, 200, 0, -200, -200, 0, 200, -200, 0, -200, 200, 0, -200 )

[node name="Level" type="Spatial"]
script = ExtResource( 5 )

[node name="Map" type="Spatial" parent="."]

[node name="MeshInstance" type="MeshInstance" parent="Map"]
mesh = SubResource( 1 )
material/0 = ExtResource( 1 )

[node name="StaticBody" type="StaticBody" parent="Map/MeshInstance"]

[node name="CollisionShape" type="CollisionShape" parent="Map/MeshInstance/StaticBody"]
shape = SubResource( 2 )

[node name="Box" parent="." instance=ExtResource( 2 )]
transform = Transform( 1, 0, 0, 0, 0.509342, 0.860564, 0, -0.860564, 0.509342, 0, 11.3708, 0 )

[node name="Box2" parent="." instance=ExtResource( 2 )]
transform = Transform( 1, 0, 0, 0, 0.509342, 0.860564, 0, -0.860564, 0.509342, 0, 11.3708, -13.4142 )

[node name="Box3" parent="." instance=ExtResource( 2 )]
transform = Transform( 1, 0, 0, 0, 0.509342, 0.860564, 0, -0.860564, 0.509342, 0, 16.1443, -9.14729 )

[node name="DirectionalLight" type="DirectionalLight" parent="."]
transform = Transform( 1, 0, 0, 0, 0.509342, 0.860564, 0, -0.860564, 0.509342, 0, 18.9153, 0 )

[node name="Player" parent="." instance=ExtResource( 3 )]
transform = Transform( 1, 0, 0, 0, 1, 0, 0, 0, 1, 2.46511, 19.8909, 6.25403 )
pilot_man_path = NodePath("../PlayerManagers/PlayerMan")

[node name="TextureProgress" parent="Player/PlayerHUD" index="0"]
margin_left = 1035.0
margin_top = 611.0
margin_right = 1091.0
margin_bottom = 667.0
value = 25.0
fill_mode = 4
tint_under = Color( 1, 1, 1, 1 )
tint_progress = Color( 1, 0.882353, 0.254902, 1 )

[node name="PlayerTroopCam" type="Camera" parent="."]
transform = Transform( 1, 0, 0, 0, 1, 0, 0, 0, 1, 0, 4.9301, 12.6019 )
current = true
far = 1000.0
script = ExtResource( 4 )
cam_pos_path = NodePath("../Player/CameraBase/CameraPosition")

[node name="PlayerShipCam" type="Camera" parent="."]
transform = Transform( 1, 0, 0, 0, 1, 0, 0, 0, 1, 0, 4.9301, 12.6019 )
far = 1000.0
script = ExtResource( 7 )

[node name="PlayerShip" parent="." instance=ExtResource( 6 )]
transform = Transform( 1, 0, 0, 0, 0.968839, 0.247692, 0, -0.247692, 0.968839, -9.19466, 10.1731, 95.1892 )
mode = 1

[node name="PlayerManagers" type="Node" parent="."]

[node name="PlayerMan" type="Node" parent="PlayerManagers"]
script = ExtResource( 8 )

[editable path="Player"]
