<?xml version="1.0" encoding="utf-8"?>
<COLLADA xmlns="http://www.collada.org/2005/11/COLLADASchema" version="1.4.1">
  <asset>
    <contributor>
      <author>Mixamo</author>
      <authoring_tool>COLLADA Mixamo exporter</authoring_tool>
      <comments/>
    </contributor>
    <created>2022-08-16T13:23:26Z</created>
    <modified>2022-08-16T13:23:26Z</modified>
    <revision/>
    <title/>
    <unit meter="0.010000"/>
    <up_axis>Y_UP</up_axis>
  </asset>
  <library_animations>
    <animation id="mixamorig_Hips-anim" name="mixamorig_Hips">
      <source id="mixamorig_Hips-Matrix-animation-input">
        <float_array id="mixamorig_Hips-Matrix-animation-input-array" count="258">

0.000000 0.033333 0.066667 0.100000 0.133333 0.166667 0.200000 0.233333 0.266667 0.300000 0.333333 0.366667 0.400000 0.433333 0.466667 0.500000
0.533333 0.566667 0.600000 0.633333 0.666667 0.700000 0.733333 0.766667 0.800000 0.833333 0.866667 0.900000 0.933333 0.966667 1.000000 1.033333
1.066667 1.100000 1.133333 1.166667 1.200000 1.233333 1.266667 1.300000 1.333333 1.366667 1.400000 1.433333 1.466667 1.500000 1.533333 1.566667
1.600000 1.633333 1.666667 1.700000 1.733333 1.766667 1.800000 1.833333 1.866667 1.900000 1.933333 1.966667 2.000000 2.033333 2.066667 2.100000
2.133333 2.166667 2.200000 2.233333 2.266667 2.300000 2.333333 2.366667 2.400000 2.433333 2.466667 2.500000 2.533333 2.566667 2.600000 2.633333
2.666667 2.700000 2.733333 2.766667 2.800000 2.833333 2.866667 2.900000 2.933333 2.966667 3.000000 3.033333 3.066667 3.100000 3.133333 3.166667
3.200000 3.233333 3.266667 3.300000 3.333333 3.366667 3.400000 3.433333 3.466667 3.500000 3.533333 3.566667 3.600000 3.633333 3.666667 3.700000
3.733333 3.766667 3.800000 3.833333 3.866667 3.900000 3.933333 3.966667 4.000000 4.033333 4.066667 4.100000 4.133333 4.166667 4.200000 4.233333
4.266667 4.300000 4.333333 4.366667 4.400000 4.433333 4.466667 4.500000 4.533333 4.566667 4.600000 4.633333 4.666667 4.700000 4.733333 4.766667
4.800000 4.833333 4.866667 4.900000 4.933333 4.966667 5.000000 5.033333 5.066667 5.100000 5.133333 5.166667 5.200000 5.233333 5.266667 5.300000
5.333333 5.366667 5.400000 5.433333 5.466667 5.500000 5.533333 5.566667 5.600000 5.633333 5.666667 5.700000 5.733333 5.766667 5.800000 5.833333
5.866667 5.900000 5.933333 5.966667 6.000000 6.033333 6.066667 6.100000 6.133333 6.166667 6.200000 6.233333 6.266667 6.300000 6.333333 6.366667
6.400000 6.433333 6.466667 6.500000 6.533333 6.566667 6.600000 6.633333 6.666667 6.700000 6.733333 6.766667 6.800000 6.833333 6.866667 6.900000
6.933333 6.966667 7.000000 7.033333 7.066667 7.100000 7.133333 7.166667 7.200000 7.233333 7.266667 7.300000 7.333333 7.366667 7.400000 7.433333
7.466667 7.500000 7.533333 7.566667 7.600000 7.633333 7.666667 7.700000 7.733333 7.766667 7.800000 7.833333 7.866667 7.900000 7.933333 7.966667
8.000000 8.033333 8.066667 8.100000 8.133333 8.166667 8.200000 8.233333 8.266667 8.300000 8.333333 8.366667 8.400000 8.433333 8.466667 8.500000
8.533333 8.566667</float_array>
        <technique_common>
          <accessor source="#mixamorig_Hips-Matrix-animation-input-array" count="258">
            <param name="TIME" type="float"/>
          </accessor>
        </technique_common>
      </source>
      <source id="mixamorig_Hips-Matrix-animation-output-transform">
        <float_array id="mixamorig_Hips-Matrix-animation-output-transform-array" count="4128">

0.996087 -0.049603 -0.073139 -0.134698 0.058472 0.990484 0.124586 97.500595 0.066263 -0.128375 0.989510 -0.421554 0.000000 0.000000 0.000000 1.000000
0.996045 -0.049501 -0.073782 -0.069880 0.058449 0.990493 0.124524 97.514030 0.066916 -0.128344 0.989470 -0.400881 0.000000 0.000000 0.000000 1.000000
0.996008 -0.049277 -0.074429 -0.006793 0.058302 0.990517 0.124407 97.528152 0.067593 -0.128250 0.989436 -0.374016 0.000000 0.000000 0.000000 1.000000
0.995972 -0.049035 -0.075074 0.054525 0.058137 0.990540 0.124297 97.543777 0.068269 -0.128161 0.989401 -0.346800 0.000000 0.000000 0.000000 1.000000
0.995934 -0.048799 -0.075722 0.114514 0.057979 0.990563 0.124194 97.560074 0.068947 -0.128079 0.989364 -0.319568 0.000000 0.000000 0.000000 1.000000
0.995897 -0.048552 -0.076370 0.173582 0.057809 0.990585 0.124096 97.577568 0.069625 -0.128002 0.989327 -0.292027 0.000000 0.000000 0.000000 1.000000
0.995858 -0.048312 -0.077020 0.232340 0.057647 0.990606 0.124005 97.594727 0.070306 -0.127931 0.989288 -0.264601 0.000000 0.000000 0.000000 1.000000
0.995820 -0.048063 -0.077670 0.291072 0.057478 0.990626 0.123917 97.612709 0.070986 -0.127864 0.989248 -0.236932 0.000000 0.000000 0.000000 1.000000
0.995781 -0.047810 -0.078321 0.350236 0.057304 0.990647 0.123836 97.631065 0.071668 -0.127801 0.989207 -0.209087 0.000000 0.000000 0.000000 1.000000
0.995742 -0.047555 -0.078972 0.410367 0.057128 0.990667 0.123757 97.649162 0.072350 -0.127742 0.989165 -0.181131 0.000000 0.000000 0.000000 1.000000
0.995703 -0.047286 -0.079621 0.471660 0.056938 0.990687 0.123683 97.667976 0.073031 -0.127685 0.989122 -0.152760 0.000000 0.000000 0.000000 1.000000
0.995663 -0.047019 -0.080272 0.534881 0.056751 0.990707 0.123611 97.685913 0.073714 -0.127631 0.989079 -0.124373 0.000000 0.000000 0.000000 1.000000
0.995623 -0.046757 -0.080925 0.600218 0.056569 0.990726 0.123543 97.703354 0.074398 -0.127580 0.989034 -0.095895 0.000000 0.000000 0.000000 1.000000
0.995582 -0.046489 -0.081577 0.668335 0.056380 0.990745 0.123476 97.719711 0.075082 -0.127530 0.988989 -0.067193 0.000000 0.000000 0.000000 1.000000
0.995541 -0.046214 -0.082228 0.739464 0.056186 0.990764 0.123411 97.735565 0.075765 -0.127480 0.988943 -0.038238 0.000000 0.000000 0.000000 1.000000
0.995499 -0.045952 -0.082882 0.813912 0.056004 0.990782 0.123347 97.751221 0.076450 -0.127433 0.988896 -0.009274 0.000000 0.000000 0.000000 1.000000
0.995458 -0.045671 -0.083533 0.892492 0.055803 0.990801 0.123284 97.765091 0.077134 -0.127385 0.988850 0.020074 0.000000 0.000000 0.000000 1.000000
0.995416 -0.045394 -0.084184 0.975466 0.055605 0.990820 0.123220 97.777565 0.077818 -0.127337 0.988802 0.049528 0.000000 0.000000 0.000000 1.000000
0.995374 -0.045104 -0.084834 1.063284 0.055395 0.990840 0.123157 97.789009 0.078502 -0.127287 0.988755 0.079368 0.000000 0.000000 0.000000 1.000000
0.995331 -0.044821 -0.085484 1.156769 0.055192 0.990859 0.123093 97.798485 0.079186 -0.127236 0.988707 0.109245 0.000000 0.000000 0.000000 1.000000
0.995288 -0.044525 -0.086132 1.256024 0.054975 0.990879 0.123027 97.806709 0.079869 -0.127183 0.988658 0.139627 0.000000 0.000000 0.000000 1.000000
0.995245 -0.044229 -0.086779 1.360514 0.054757 0.990900 0.122960 97.812851 0.080551 -0.127128 0.988610 0.170176 0.000000 0.000000 0.000000 1.000000
0.995202 -0.043922 -0.087424 1.469671 0.054529 0.990921 0.122891 97.817520 0.081233 -0.127068 0.988562 0.201075 0.000000 0.000000 0.000000 1.000000
0.995159 -0.043625 -0.088070 1.582766 0.054309 0.990942 0.122818 97.819641 0.081915 -0.127007 0.988514 0.232068 0.000000 0.000000 0.000000 1.000000
0.995114 -0.043326 -0.088715 1.699169 0.054088 0.990963 0.122743 97.819977 0.082595 -0.126942 0.988465 0.263357 0.000000 0.000000 0.000000 1.000000
0.995070 -0.043017 -0.089357 1.818390 0.053855 0.990986 0.122664 97.818550 0.083275 -0.126871 0.988417 0.295057 0.000000 0.000000 0.000000 1.000000
0.995025 -0.042715 -0.089999 1.939728 0.053630 0.991009 0.122580 97.816437 0.083953 -0.126797 0.988370 0.326872 0.000000 0.000000 0.000000 1.000000
0.994980 -0.042425 -0.090641 2.062507 0.053415 0.991031 0.122491 97.813850 0.084632 -0.126718 0.988322 0.358815 0.000000 0.000000 0.000000 1.000000
0.994933 -0.042134 -0.091283 2.186244 0.053200 0.991054 0.122398 97.811203 0.085309 -0.126634 0.988274 0.391018 0.000000 0.000000 0.000000 1.000000
0.994886 -0.041848 -0.091923 2.310236 0.052988 0.991078 0.122298 97.808441 0.085985 -0.126543 0.988227 0.423470 0.000000 0.000000 0.000000 1.000000
0.994839 -0.041566 -0.092562 2.433938 0.052779 0.991102 0.122193 97.805595 0.086660 -0.126447 0.988181 0.456061 0.000000 0.000000 0.000000 1.000000
0.994791 -0.041285 -0.093200 2.556704 0.052571 0.991127 0.122080 97.802773 0.087333 -0.126344 0.988135 0.489002 0.000000 0.000000 0.000000 1.000000
0.994742 -0.041025 -0.093840 2.677930 0.052382 0.991152 0.121960 97.799103 0.088006 -0.126234 0.988089 0.521829 0.000000 0.000000 0.000000 1.000000
0.994693 -0.040746 -0.094474 2.797055 0.052173 0.991178 0.121833 97.796371 0.088676 -0.126115 0.988044 0.555448 0.000000 0.000000 0.000000 1.000000
0.994643 -0.040482 -0.095108 2.913432 0.051978 0.991205 0.121697 97.793144 0.089345 -0.125989 0.988000 0.589114 0.000000 0.000000 0.000000 1.000000
0.994594 -0.040215 -0.095740 3.026479 0.051780 0.991234 0.121552 97.790146 0.090013 -0.125852 0.987957 0.623075 0.000000 0.000000 0.000000 1.000000
0.994542 -0.039970 -0.096374 3.135527 0.051602 0.991262 0.121398 97.786072 0.090679 -0.125709 0.987914 0.657064 0.000000 0.000000 0.000000 1.000000
0.994491 -0.039717 -0.097004 3.240051 0.051415 0.991291 0.121234 97.782509 0.091344 -0.125554 0.987873 0.691528 0.000000 0.000000 0.000000 1.000000
0.994439 -0.039475 -0.097632 3.339360 0.051237 0.991322 0.121060 97.778938 0.092006 -0.125390 0.987832 0.726233 0.000000 0.000000 0.000000 1.000000
0.994387 -0.039244 -0.098260 3.435408 0.051069 0.991353 0.120876 97.775230 0.092667 -0.125215 0.987793 0.761154 0.000000 0.000000 0.000000 1.000000
0.994335 -0.039002 -0.098882 3.530541 0.050887 0.991386 0.120680 97.772263 0.093324 -0.125028 0.987754 0.796648 0.000000 0.000000 0.000000 1.000000
0.994281 -0.038781 -0.099505 3.624677 0.050726 0.991420 0.120472 97.768608 0.093980 -0.124830 0.987717 0.832230 0.000000 0.000000 0.000000 1.000000
0.994227 -0.038572 -0.100127 3.717827 0.050575 0.991454 0.120252 97.764931 0.094633 -0.124621 0.987681 0.867981 0.000000 0.000000 0.000000 1.000000
0.994172 -0.038373 -0.100747 3.810081 0.050431 0.991490 0.120019 97.761055 0.095284 -0.124400 0.987646 0.903974 0.000000 0.000000 0.000000 1.000000
0.994117 -0.038173 -0.101363 3.901378 0.050286 0.991527 0.119773 97.757362 0.095933 -0.124165 0.987613 0.940454 0.000000 0.000000 0.000000 1.000000
0.994061 -0.037982 -0.101978 3.991713 0.050147 0.991565 0.119513 97.753593 0.096579 -0.123917 0.987581 0.977192 0.000000 0.000000 0.000000 1.000000
0.994004 -0.037827 -0.102591 4.081039 0.050043 0.991604 0.119239 97.749809 0.097219 -0.123658 0.987551 1.014261 0.000000 0.000000 0.000000 1.000000
0.993946 -0.037689 -0.103201 4.169388 0.049952 0.991643 0.118950 97.745956 0.097856 -0.123385 0.987522 1.051590 0.000000 0.000000 0.000000 1.000000
0.993888 -0.037564 -0.103810 4.256796 0.049873 0.991683 0.118645 97.741913 0.098490 -0.123097 0.987495 1.089093 0.000000 0.000000 0.000000 1.000000
0.993830 -0.037431 -0.104410 4.343265 0.049781 0.991728 0.118312 97.738808 0.099118 -0.122780 0.987472 1.127481 0.000000 0.000000 0.000000 1.000000
0.993771 -0.037324 -0.105005 4.428691 0.049711 0.991776 0.117940 97.735168 0.099740 -0.122425 0.987453 1.165975 0.000000 0.000000 0.000000 1.000000
0.993712 -0.037228 -0.105594 4.513138 0.049646 0.991827 0.117531 97.731621 0.100355 -0.122034 0.987439 1.205048 0.000000 0.000000 0.000000 1.000000
0.993653 -0.037143 -0.106176 4.596650 0.049588 0.991883 0.117090 97.727974 0.100965 -0.121611 0.987429 1.244487 0.000000 0.000000 0.000000 1.000000
0.993594 -0.037071 -0.106754 4.679157 0.049539 0.991940 0.116619 97.724304 0.101571 -0.121161 0.987423 1.284317 0.000000 0.000000 0.000000 1.000000
0.993535 -0.037008 -0.107328 4.760717 0.049496 0.992001 0.116124 97.720642 0.102172 -0.120686 0.987419 1.324540 0.000000 0.000000 0.000000 1.000000
0.993476 -0.036938 -0.107895 4.841389 0.049441 0.992064 0.115607 97.717834 0.102768 -0.120187 0.987418 1.365419 0.000000 0.000000 0.000000 1.000000
0.993416 -0.036882 -0.108460 4.921145 0.049398 0.992128 0.115072 97.714630 0.103362 -0.119673 0.987418 1.406492 0.000000 0.000000 0.000000 1.000000
0.993356 -0.036838 -0.109025 4.999927 0.049365 0.992193 0.114523 97.711426 0.103955 -0.119144 0.987420 1.447846 0.000000 0.000000 0.000000 1.000000
0.993296 -0.036802 -0.109587 5.077829 0.049337 0.992259 0.113963 97.708267 0.104545 -0.118606 0.987422 1.489486 0.000000 0.000000 0.000000 1.000000
0.993234 -0.036796 -0.110149 5.154783 0.049338 0.992324 0.113396 97.705154 0.105131 -0.118064 0.987425 1.531435 0.000000 0.000000 0.000000 1.000000
0.993171 -0.036798 -0.110712 5.230821 0.049346 0.992389 0.112826 97.702110 0.105717 -0.117518 0.987428 1.573617 0.000000 0.000000 0.000000 1.000000
0.993108 -0.036798 -0.111274 5.306028 0.049352 0.992453 0.112255 97.699295 0.106304 -0.116973 0.987429 1.616132 0.000000 0.000000 0.000000 1.000000
0.993044 -0.036809 -0.111840 5.380352 0.049369 0.992516 0.111689 97.696060 0.106892 -0.116433 0.987430 1.658678 0.000000 0.000000 0.000000 1.000000
0.992980 -0.036816 -0.112407 5.453856 0.049381 0.992578 0.111130 97.693512 0.107481 -0.115900 0.987428 1.701581 0.000000 0.000000 0.000000 1.000000
0.992915 -0.036815 -0.112975 5.526541 0.049387 0.992639 0.110582 97.691025 0.108073 -0.115378 0.987425 1.744770 0.000000 0.000000 0.000000 1.000000
0.992850 -0.036814 -0.113548 5.598444 0.049394 0.992698 0.110048 97.688828 0.108668 -0.114870 0.987419 1.788089 0.000000 0.000000 0.000000 1.000000
0.992783 -0.036830 -0.114129 5.669363 0.049421 0.992754 0.109533 97.685944 0.109268 -0.114383 0.987409 1.831287 0.000000 0.000000 0.000000 1.000000
0.992717 -0.036811 -0.114710 5.739684 0.049414 0.992808 0.109040 97.684166 0.109871 -0.113914 0.987396 1.878774 0.000000 0.000000 0.000000 1.000000
0.992648 -0.036816 -0.115302 5.809083 0.049435 0.992859 0.108573 97.681343 0.110482 -0.113475 0.987379 1.931042 0.000000 0.000000 0.000000 1.000000
0.992577 -0.036794 -0.115919 5.877842 0.049453 0.992888 0.108298 97.679474 0.111110 -0.113227 0.987337 1.984551 0.000000 0.000000 0.000000 1.000000
0.992489 -0.036729 -0.116690 5.945972 0.049473 0.992891 0.108262 97.678047 0.111884 -0.113221 0.987250 2.038959 0.000000 0.000000 0.000000 1.000000
0.992379 -0.036701 -0.117627 6.013142 0.049550 0.992889 0.108245 97.675774 0.112818 -0.113249 0.987141 2.094937 0.000000 0.000000 0.000000 1.000000
0.992252 -0.036677 -0.118708 6.079463 0.049650 0.992883 0.108247 97.673965 0.113893 -0.113302 0.987011 2.152888 0.000000 0.000000 0.000000 1.000000
0.992108 -0.036657 -0.119911 6.144855 0.049771 0.992876 0.108264 97.672195 0.115088 -0.113377 0.986864 2.212784 0.000000 0.000000 0.000000 1.000000
0.991949 -0.036649 -0.121221 6.209409 0.049917 0.992865 0.108294 97.670654 0.116387 -0.113473 0.986701 2.274718 0.000000 0.000000 0.000000 1.000000
0.991778 -0.036644 -0.122615 6.273118 0.050078 0.992852 0.108336 97.669388 0.117768 -0.113585 0.986524 2.338718 0.000000 0.000000 0.000000 1.000000
0.991597 -0.036620 -0.124071 6.336202 0.050230 0.992837 0.108405 97.668304 0.119212 -0.113727 0.986334 2.405588 0.000000 0.000000 0.000000 1.000000
0.991408 -0.036617 -0.125576 6.398328 0.050413 0.992816 0.108508 97.666840 0.120701 -0.113906 0.986132 2.477829 0.000000 0.000000 0.000000 1.000000
0.991214 -0.036603 -0.127106 6.459299 0.050590 0.992795 0.108620 97.665817 0.122214 -0.114095 0.985924 2.555155 0.000000 0.000000 0.000000 1.000000
0.991016 -0.036584 -0.128642 6.518610 0.050764 0.992773 0.108739 97.665253 0.123735 -0.114293 0.985711 2.636000 0.000000 0.000000 0.000000 1.000000
0.990818 -0.036563 -0.130167 6.576023 0.050936 0.992751 0.108862 97.665009 0.125243 -0.114493 0.985498 2.718907 0.000000 0.000000 0.000000 1.000000
0.990621 -0.036546 -0.131660 6.631345 0.051109 0.992729 0.108986 97.665070 0.126720 -0.114692 0.985286 2.802266 0.000000 0.000000 0.000000 1.000000
0.990429 -0.036530 -0.133104 6.684444 0.051277 0.992707 0.109105 97.665878 0.128147 -0.114886 0.985078 2.884725 0.000000 0.000000 0.000000 1.000000
0.990244 -0.036514 -0.134477 6.735229 0.051436 0.992686 0.109217 97.667526 0.129506 -0.115069 0.984879 2.964786 0.000000 0.000000 0.000000 1.000000
0.990068 -0.036512 -0.135764 6.783331 0.051598 0.992667 0.109320 97.669571 0.130777 -0.115239 0.984691 3.040843 0.000000 0.000000 0.000000 1.000000
0.989907 -0.036496 -0.136941 6.828854 0.051732 0.992649 0.109411 97.673027 0.131942 -0.115391 0.984518 3.111806 0.000000 0.000000 0.000000 1.000000
0.989761 -0.036483 -0.137992 6.871502 0.051851 0.992637 0.109470 97.677261 0.132982 -0.115504 0.984365 3.176015 0.000000 0.000000 0.000000 1.000000
0.989633 -0.036506 -0.138901 6.910889 0.051987 0.992626 0.109508 97.680908 0.133879 -0.115593 0.984233 3.224443 0.000000 0.000000 0.000000 1.000000
0.989528 -0.036521 -0.139644 6.947177 0.052092 0.992618 0.109530 97.685532 0.134613 -0.115657 0.984125 3.265896 0.000000 0.000000 0.000000 1.000000
0.989449 -0.036534 -0.140201 6.980180 0.052172 0.992613 0.109536 97.690933 0.135164 -0.115695 0.984045 3.308999 0.000000 0.000000 0.000000 1.000000
0.989399 -0.036530 -0.140554 7.009802 0.052206 0.992614 0.109511 97.696968 0.135515 -0.115688 0.983998 3.353492 0.000000 0.000000 0.000000 1.000000
0.989364 -0.036559 -0.140790 7.035633 0.052208 0.992658 0.109110 97.703781 0.135767 -0.115300 0.984009 3.401299 0.000000 0.000000 0.000000 1.000000
0.989332 -0.036589 -0.141008 7.051966 0.052208 0.992701 0.108713 97.710617 0.136001 -0.114915 0.984021 3.449334 0.000000 0.000000 0.000000 1.000000
0.989304 -0.036590 -0.141205 7.056166 0.052178 0.992746 0.108320 97.718765 0.136217 -0.114529 0.984037 3.497932 0.000000 0.000000 0.000000 1.000000
0.989277 -0.036612 -0.141386 7.052656 0.052167 0.992788 0.107933 97.726776 0.136415 -0.114152 0.984053 3.546092 0.000000 0.000000 0.000000 1.000000
0.989253 -0.036635 -0.141549 7.046072 0.052157 0.992830 0.107555 97.735077 0.136594 -0.113781 0.984071 3.593821 0.000000 0.000000 0.000000 1.000000
0.989231 -0.036666 -0.141694 7.036057 0.052153 0.992870 0.107185 97.743462 0.136754 -0.113421 0.984091 3.640667 0.000000 0.000000 0.000000 1.000000
0.989211 -0.036701 -0.141824 7.020588 0.052153 0.992909 0.106827 97.751793 0.136897 -0.113071 0.984111 3.686359 0.000000 0.000000 0.000000 1.000000
0.989194 -0.036732 -0.141934 7.002296 0.052150 0.992946 0.106481 97.760719 0.137022 -0.112732 0.984132 3.730799 0.000000 0.000000 0.000000 1.000000
0.989180 -0.036757 -0.142027 6.983569 0.052139 0.992982 0.106149 97.769958 0.137128 -0.112406 0.984155 3.773676 0.000000 0.000000 0.000000 1.000000
0.989172 -0.036807 -0.142073 6.966638 0.052151 0.993015 0.105833 97.778633 0.137185 -0.112096 0.984182 3.814293 0.000000 0.000000 0.000000 1.000000
0.989166 -0.036835 -0.142104 6.953384 0.052151 0.993039 0.105612 97.787926 0.137224 -0.111879 0.984201 3.852332 0.000000 0.000000 0.000000 1.000000
0.989161 -0.036886 -0.142128 6.940457 0.052188 0.993051 0.105482 97.796051 0.137249 -0.111756 0.984212 3.886898 0.000000 0.000000 0.000000 1.000000
0.989157 -0.036936 -0.142142 6.929030 0.052223 0.993062 0.105364 97.804520 0.137264 -0.111644 0.984223 3.918738 0.000000 0.000000 0.000000 1.000000
0.989154 -0.036990 -0.142148 6.920774 0.052263 0.993071 0.105254 97.812775 0.137270 -0.111541 0.984233 3.947398 0.000000 0.000000 0.000000 1.000000
0.989152 -0.037045 -0.142149 6.917556 0.052308 0.993076 0.105188 97.820755 0.137268 -0.111482 0.984240 3.972492 0.000000 0.000000 0.000000 1.000000
0.989150 -0.037102 -0.142145 6.919478 0.052359 0.993077 0.105146 97.828461 0.137260 -0.111448 0.984245 3.993781 0.000000 0.000000 0.000000 1.000000
0.989149 -0.037169 -0.142138 6.924885 0.052421 0.993078 0.105114 97.835716 0.137247 -0.111424 0.984250 4.010917 0.000000 0.000000 0.000000 1.000000
0.989148 -0.037223 -0.142127 6.933277 0.052471 0.993077 0.105092 97.843216 0.137231 -0.111409 0.984254 4.023835 0.000000 0.000000 0.000000 1.000000
0.989148 -0.037277 -0.142113 6.943978 0.052522 0.993076 0.105080 97.850578 0.137212 -0.111404 0.984257 4.032233 0.000000 0.000000 0.000000 1.000000
0.989148 -0.037339 -0.142100 6.956267 0.052583 0.993073 0.105081 97.857307 0.137192 -0.111412 0.984259 4.035571 0.000000 0.000000 0.000000 1.000000
0.989150 -0.037415 -0.142066 6.969429 0.052657 0.993067 0.105093 97.863167 0.137149 -0.111433 0.984263 4.033504 0.000000 0.000000 0.000000 1.000000
0.989153 -0.037491 -0.142023 6.982826 0.052732 0.993061 0.105117 97.868729 0.137097 -0.111466 0.984266 4.025882 0.000000 0.000000 0.000000 1.000000
0.989157 -0.037570 -0.141977 6.995815 0.052811 0.993053 0.105155 97.873947 0.137040 -0.111513 0.984269 4.012468 0.000000 0.000000 0.000000 1.000000
0.989160 -0.037661 -0.141927 7.007638 0.052908 0.993039 0.105232 97.878197 0.136975 -0.111601 0.984268 3.992580 0.000000 0.000000 0.000000 1.000000
0.989167 -0.037741 -0.141860 7.017883 0.052998 0.993021 0.105360 97.882164 0.136893 -0.111737 0.984264 3.966292 0.000000 0.000000 0.000000 1.000000
0.989174 -0.037828 -0.141786 7.025671 0.053099 0.992999 0.105516 97.885521 0.136801 -0.111902 0.984258 3.933163 0.000000 0.000000 0.000000 1.000000
0.989181 -0.037944 -0.141707 7.030216 0.053232 0.992972 0.105702 97.887039 0.136700 -0.112102 0.984249 3.891528 0.000000 0.000000 0.000000 1.000000
0.989188 -0.038072 -0.141623 7.031223 0.053381 0.992941 0.105919 97.887909 0.136591 -0.112334 0.984238 3.836100 0.000000 0.000000 0.000000 1.000000
0.989203 -0.038203 -0.141483 7.029656 0.053561 0.992881 0.106386 97.887665 0.136411 -0.112815 0.984208 3.765562 0.000000 0.000000 0.000000 1.000000
0.989252 -0.038353 -0.141100 7.026028 0.053764 0.992795 0.107085 97.886673 0.135976 -0.113520 0.984187 3.681371 0.000000 0.000000 0.000000 1.000000
0.989340 -0.038479 -0.140450 7.020729 0.053913 0.992711 0.107791 97.884705 0.135279 -0.114214 0.984203 3.586288 0.000000 0.000000 0.000000 1.000000
0.989462 -0.038611 -0.139551 7.013943 0.054037 0.992626 0.108503 97.881897 0.134333 -0.114901 0.984252 3.481424 0.000000 0.000000 0.000000 1.000000
0.989616 -0.038743 -0.138415 7.006045 0.054134 0.992542 0.109220 97.879410 0.133152 -0.115579 0.984333 3.368331 0.000000 0.000000 0.000000 1.000000
0.989799 -0.038887 -0.137060 6.997250 0.054215 0.992459 0.109940 97.877090 0.131752 -0.116249 0.984443 3.248074 0.000000 0.000000 0.000000 1.000000
0.990007 -0.039054 -0.135505 6.987734 0.054294 0.992374 0.110661 97.874153 0.130150 -0.116912 0.984577 3.121700 0.000000 0.000000 0.000000 1.000000
0.990236 -0.039235 -0.133762 6.977818 0.054362 0.992290 0.111381 97.871109 0.128361 -0.117565 0.984734 2.990574 0.000000 0.000000 0.000000 1.000000
0.990485 -0.039437 -0.131851 6.967779 0.054428 0.992205 0.112100 97.867592 0.126403 -0.118210 0.984911 2.855798 0.000000 0.000000 0.000000 1.000000
0.990749 -0.039644 -0.129789 6.957763 0.054478 0.992122 0.112814 97.863480 0.124294 -0.118841 0.985103 2.718540 0.000000 0.000000 0.000000 1.000000
0.991030 -0.039783 -0.127579 6.948673 0.054438 0.992043 0.113524 97.861160 0.122047 -0.119451 0.985310 2.581024 0.000000 0.000000 0.000000 1.000000
0.991320 -0.039962 -0.125253 6.940210 0.054420 0.991963 0.114227 97.857483 0.119682 -0.120052 0.985527 2.443061 0.000000 0.000000 0.000000 1.000000
0.991618 -0.040124 -0.122818 6.932415 0.054368 0.991886 0.114921 97.854301 0.117211 -0.120635 0.985753 2.306706 0.000000 0.000000 0.000000 1.000000
0.991919 -0.040306 -0.120297 6.925034 0.054321 0.991809 0.115605 97.850288 0.114652 -0.121205 0.985984 2.172703 0.000000 0.000000 0.000000 1.000000
0.992224 -0.040474 -0.117699 6.918200 0.054247 0.991734 0.116277 97.846687 0.112020 -0.121757 0.986218 2.042652 0.000000 0.000000 0.000000 1.000000
0.992529 -0.040636 -0.115043 6.911799 0.054155 0.991662 0.116936 97.843262 0.109332 -0.122292 0.986454 1.917714 0.000000 0.000000 0.000000 1.000000
0.992832 -0.040788 -0.112343 6.905573 0.054042 0.991592 0.117580 97.840027 0.106603 -0.122808 0.986688 1.799146 0.000000 0.000000 0.000000 1.000000
0.993131 -0.040932 -0.109618 6.899538 0.053913 0.991524 0.118207 97.836998 0.103850 -0.123305 0.986920 1.688167 0.000000 0.000000 0.000000 1.000000
0.993423 -0.041077 -0.106884 6.893506 0.053780 0.991459 0.118816 97.833748 0.101090 -0.123783 0.987147 1.585823 0.000000 0.000000 0.000000 1.000000
0.993706 -0.041226 -0.104159 6.887301 0.053646 0.991395 0.119406 97.830116 0.098340 -0.124242 0.987367 1.493243 0.000000 0.000000 0.000000 1.000000
0.993982 -0.041319 -0.101449 6.881194 0.053454 0.991337 0.119975 97.828438 0.095613 -0.124676 0.987580 1.412659 0.000000 0.000000 0.000000 1.000000
0.994246 -0.041440 -0.098784 6.874552 0.053290 0.991279 0.120521 97.825699 0.092928 -0.125091 0.987784 1.343942 0.000000 0.000000 0.000000 1.000000
0.994497 -0.041545 -0.096174 6.867569 0.053114 0.991225 0.121042 97.822632 0.090301 -0.125484 0.987977 1.288952 0.000000 0.000000 0.000000 1.000000
0.994736 -0.041630 -0.093634 6.860000 0.052921 0.991175 0.121539 97.819809 0.087748 -0.125854 0.988160 1.248973 0.000000 0.000000 0.000000 1.000000
0.994961 -0.041701 -0.091183 6.851845 0.052722 0.991128 0.122008 97.817642 0.085286 -0.126200 0.988332 1.217319 0.000000 0.000000 0.000000 1.000000
0.995169 -0.041785 -0.088840 6.842648 0.052544 0.991083 0.122448 97.814964 0.082931 -0.126525 0.988491 1.185913 0.000000 0.000000 0.000000 1.000000
0.995363 -0.041841 -0.086615 6.832792 0.052350 0.991042 0.122859 97.813255 0.080699 -0.126824 0.988637 1.155416 0.000000 0.000000 0.000000 1.000000
0.995538 -0.041920 -0.084534 6.821560 0.052194 0.991004 0.123238 97.810555 0.078608 -0.127101 0.988770 1.125124 0.000000 0.000000 0.000000 1.000000
0.995697 -0.041989 -0.082608 6.809151 0.052043 0.990968 0.123584 97.807648 0.076673 -0.127352 0.988890 1.095435 0.000000 0.000000 0.000000 1.000000
0.995838 -0.042062 -0.080855 6.795348 0.051914 0.990936 0.123896 97.805130 0.074911 -0.127578 0.988996 1.066147 0.000000 0.000000 0.000000 1.000000
0.995959 -0.042162 -0.079292 6.779936 0.051834 0.990906 0.124173 97.802177 0.073336 -0.127781 0.989087 1.037342 0.000000 0.000000 0.000000 1.000000
0.996062 -0.042273 -0.077936 6.762833 0.051788 0.990878 0.124412 97.799225 0.071966 -0.127958 0.989165 1.008963 0.000000 0.000000 0.000000 1.000000
0.996145 -0.042379 -0.076803 6.739249 0.051761 0.990854 0.124612 97.796150 0.070820 -0.128107 0.989229 0.981062 0.000000 0.000000 0.000000 1.000000
0.996206 -0.042534 -0.075919 6.701904 0.051813 0.990832 0.124772 97.791191 0.069915 -0.128232 0.989277 0.952838 0.000000 0.000000 0.000000 1.000000
0.996250 -0.042636 -0.075282 6.664716 0.051840 0.990815 0.124891 97.787689 0.069266 -0.128325 0.989310 0.925749 0.000000 0.000000 0.000000 1.000000
0.996274 -0.042733 -0.074918 6.625579 0.051895 0.990803 0.124962 97.783989 0.068889 -0.128384 0.989329 0.899113 0.000000 0.000000 0.000000 1.000000
0.996278 -0.042841 -0.074799 6.582725 0.051992 0.990791 0.125021 97.780777 0.068754 -0.128445 0.989330 0.872969 0.000000 0.000000 0.000000 1.000000
0.996278 -0.042956 -0.074731 6.534276 0.052101 0.990777 0.125086 97.776619 0.068668 -0.128514 0.989328 0.846798 0.000000 0.000000 0.000000 1.000000
0.996279 -0.043060 -0.074658 6.478538 0.052200 0.990764 0.125148 97.772827 0.068580 -0.128580 0.989325 0.821054 0.000000 0.000000 0.000000 1.000000
0.996280 -0.043160 -0.074587 6.413607 0.052294 0.990751 0.125209 97.769646 0.068493 -0.128644 0.989323 0.795730 0.000000 0.000000 0.000000 1.000000
0.996281 -0.043263 -0.074520 6.341951 0.052392 0.990739 0.125267 97.765923 0.068410 -0.128706 0.989320 0.770591 0.000000 0.000000 0.000000 1.000000
0.996282 -0.043343 -0.074450 6.267471 0.052467 0.990728 0.125325 97.763336 0.068328 -0.128765 0.989318 0.746184 0.000000 0.000000 0.000000 1.000000
0.996283 -0.043441 -0.074386 6.190099 0.052559 0.990716 0.125380 97.759979 0.068249 -0.128823 0.989316 0.721775 0.000000 0.000000 0.000000 1.000000
0.996283 -0.043549 -0.074326 6.109986 0.052662 0.990704 0.125432 97.756561 0.068172 -0.128880 0.989314 0.697583 0.000000 0.000000 0.000000 1.000000
0.996282 -0.043656 -0.074267 6.027407 0.052765 0.990692 0.125483 97.753235 0.068098 -0.128936 0.989312 0.673575 0.000000 0.000000 0.000000 1.000000
0.996282 -0.043754 -0.074210 5.942520 0.052859 0.990680 0.125533 97.750183 0.068026 -0.128989 0.989310 0.650052 0.000000 0.000000 0.000000 1.000000
0.996282 -0.043856 -0.074155 5.855396 0.052956 0.990669 0.125580 97.746956 0.067956 -0.129040 0.989308 0.626822 0.000000 0.000000 0.000000 1.000000
0.996282 -0.043945 -0.074101 5.766347 0.053040 0.990659 0.125625 97.743622 0.067888 -0.129088 0.989307 0.603963 0.000000 0.000000 0.000000 1.000000
0.996280 -0.044061 -0.074053 5.675170 0.053153 0.990647 0.125669 97.739349 0.067823 -0.129138 0.989304 0.581034 0.000000 0.000000 0.000000 1.000000
0.996280 -0.044155 -0.074003 5.582316 0.053243 0.990637 0.125711 97.735580 0.067759 -0.129183 0.989303 0.558740 0.000000 0.000000 0.000000 1.000000
0.996280 -0.044237 -0.073953 5.487987 0.053320 0.990628 0.125751 97.731262 0.067698 -0.129226 0.989302 0.536786 0.000000 0.000000 0.000000 1.000000
0.996280 -0.044315 -0.073905 5.392151 0.053394 0.990619 0.125790 97.727631 0.067638 -0.129268 0.989300 0.515357 0.000000 0.000000 0.000000 1.000000
0.996280 -0.044403 -0.073860 5.294939 0.053478 0.990610 0.125827 97.722900 0.067579 -0.129309 0.989299 0.493971 0.000000 0.000000 0.000000 1.000000
0.996280 -0.044479 -0.073815 5.196629 0.053551 0.990601 0.125862 97.718086 0.067523 -0.129347 0.989298 0.472903 0.000000 0.000000 0.000000 1.000000
0.996279 -0.044555 -0.073773 5.097175 0.053624 0.990593 0.125898 97.713921 0.067470 -0.129386 0.989296 0.452284 0.000000 0.000000 0.000000 1.000000
0.996279 -0.044621 -0.073731 4.996913 0.053685 0.990585 0.125934 97.709015 0.067417 -0.129423 0.989295 0.431897 0.000000 0.000000 0.000000 1.000000
0.996279 -0.044689 -0.073690 4.895854 0.053750 0.990578 0.125964 97.704468 0.067366 -0.129457 0.989294 0.411920 0.000000 0.000000 0.000000 1.000000
0.996279 -0.044764 -0.073653 4.794162 0.053821 0.990571 0.125987 97.699303 0.067319 -0.129482 0.989294 0.392118 0.000000 0.000000 0.000000 1.000000
0.996278 -0.044836 -0.073617 4.691997 0.053890 0.990565 0.126004 97.694328 0.067273 -0.129502 0.989295 0.372630 0.000000 0.000000 0.000000 1.000000
0.996278 -0.044908 -0.073581 4.589544 0.053957 0.990559 0.126019 97.689247 0.067227 -0.129520 0.989295 0.353434 0.000000 0.000000 0.000000 1.000000
0.996277 -0.044975 -0.073547 4.486921 0.054021 0.990554 0.126034 97.684494 0.067184 -0.129538 0.989296 0.334574 0.000000 0.000000 0.000000 1.000000
0.996277 -0.045031 -0.073514 4.384330 0.054073 0.990549 0.126048 97.679703 0.067143 -0.129554 0.989297 0.316181 0.000000 0.000000 0.000000 1.000000
0.996277 -0.045080 -0.073480 4.281946 0.054119 0.990545 0.126061 97.674789 0.067102 -0.129569 0.989297 0.298002 0.000000 0.000000 0.000000 1.000000
0.996276 -0.045152 -0.073450 4.179703 0.054187 0.990540 0.126073 97.669434 0.067063 -0.129584 0.989298 0.279811 0.000000 0.000000 0.000000 1.000000
0.996276 -0.045200 -0.073420 4.077939 0.054231 0.990536 0.126084 97.664673 0.067026 -0.129597 0.989299 0.262220 0.000000 0.000000 0.000000 1.000000
0.996277 -0.045237 -0.073390 3.976827 0.054264 0.990533 0.126095 97.659531 0.066991 -0.129608 0.989300 0.244881 0.000000 0.000000 0.000000 1.000000
0.996277 -0.045277 -0.073361 3.876317 0.054302 0.990530 0.126104 97.655228 0.066957 -0.129619 0.989301 0.228001 0.000000 0.000000 0.000000 1.000000
0.996277 -0.045325 -0.073335 3.776695 0.054346 0.990526 0.126113 97.650192 0.066924 -0.129629 0.989302 0.211203 0.000000 0.000000 0.000000 1.000000
0.996277 -0.045363 -0.073308 3.678106 0.054382 0.990523 0.126121 97.645615 0.066892 -0.129638 0.989302 0.194651 0.000000 0.000000 0.000000 1.000000
0.996277 -0.045405 -0.073284 3.580570 0.054421 0.990520 0.126128 97.640984 0.066862 -0.129647 0.989303 0.178475 0.000000 0.000000 0.000000 1.000000
0.996277 -0.045448 -0.073261 3.484305 0.054461 0.990517 0.126134 97.636452 0.066834 -0.129654 0.989304 0.162441 0.000000 0.000000 0.000000 1.000000
0.996276 -0.045497 -0.073241 3.389387 0.054507 0.990514 0.126140 97.631462 0.066807 -0.129662 0.989305 0.146738 0.000000 0.000000 0.000000 1.000000
0.996276 -0.045537 -0.073220 3.296093 0.054545 0.990511 0.126144 97.627007 0.066781 -0.129668 0.989306 0.131271 0.000000 0.000000 0.000000 1.000000
0.996275 -0.045582 -0.073201 3.204463 0.054586 0.990508 0.126148 97.622765 0.066756 -0.129674 0.989307 0.116044 0.000000 0.000000 0.000000 1.000000
0.996275 -0.045622 -0.073183 3.114713 0.054624 0.990506 0.126152 97.618820 0.066733 -0.129679 0.989308 0.101081 0.000000 0.000000 0.000000 1.000000
0.996275 -0.045649 -0.073166 3.027086 0.054649 0.990504 0.126154 97.614166 0.066712 -0.129683 0.989309 0.086567 0.000000 0.000000 0.000000 1.000000
0.996274 -0.045693 -0.073152 2.941432 0.054691 0.990502 0.126156 97.610252 0.066693 -0.129687 0.989310 0.072092 0.000000 0.000000 0.000000 1.000000
0.996273 -0.045725 -0.073137 2.858124 0.054721 0.990500 0.126157 97.605484 0.066673 -0.129689 0.989311 0.057986 0.000000 0.000000 0.000000 1.000000
0.996273 -0.045760 -0.073122 2.776492 0.054754 0.990498 0.126158 97.601105 0.066655 -0.129691 0.989312 0.044041 0.000000 0.000000 0.000000 1.000000
0.996272 -0.045796 -0.073108 2.695683 0.054788 0.990496 0.126158 97.596405 0.066636 -0.129693 0.989313 0.030396 0.000000 0.000000 0.000000 1.000000
0.996272 -0.045826 -0.073093 2.615818 0.054816 0.990495 0.126157 97.591293 0.066617 -0.129693 0.989314 0.017042 0.000000 0.000000 0.000000 1.000000
0.996272 -0.045848 -0.073076 2.536704 0.054836 0.990494 0.126156 97.586494 0.066597 -0.129693 0.989315 0.004122 0.000000 0.000000 0.000000 1.000000
0.996270 -0.045883 -0.073082 2.458389 0.054871 0.990492 0.126154 97.581749 0.066599 -0.129693 0.989315 -0.008873 0.000000 0.000000 0.000000 1.000000
0.996269 -0.045907 -0.073086 2.380931 0.054895 0.990491 0.126151 97.576591 0.066599 -0.129693 0.989315 -0.021450 0.000000 0.000000 0.000000 1.000000
0.996266 -0.045945 -0.073091 2.304096 0.054933 0.990489 0.126148 97.571785 0.066600 -0.129693 0.989315 -0.033943 0.000000 0.000000 0.000000 1.000000
0.996265 -0.045974 -0.073096 2.228090 0.054962 0.990488 0.126145 97.566589 0.066601 -0.129691 0.989315 -0.046131 0.000000 0.000000 0.000000 1.000000
0.996263 -0.046002 -0.073101 2.152798 0.054991 0.990487 0.126141 97.560753 0.066602 -0.129689 0.989315 -0.058005 0.000000 0.000000 0.000000 1.000000
0.996262 -0.046026 -0.073104 2.078261 0.055015 0.990486 0.126136 97.555389 0.066603 -0.129687 0.989316 -0.069599 0.000000 0.000000 0.000000 1.000000
0.996260 -0.046049 -0.073108 2.004443 0.055038 0.990486 0.126132 97.549881 0.066604 -0.129684 0.989316 -0.081064 0.000000 0.000000 0.000000 1.000000
0.996259 -0.046080 -0.073112 1.931197 0.055069 0.990485 0.126126 97.544739 0.066605 -0.129680 0.989316 -0.092373 0.000000 0.000000 0.000000 1.000000
0.996257 -0.046112 -0.073117 1.858525 0.055101 0.990484 0.126120 97.539536 0.066606 -0.129677 0.989317 -0.103446 0.000000 0.000000 0.000000 1.000000
0.996255 -0.046141 -0.073122 1.786523 0.055130 0.990483 0.126114 97.534271 0.066607 -0.129673 0.989317 -0.114230 0.000000 0.000000 0.000000 1.000000
0.996254 -0.046166 -0.073125 1.715185 0.055155 0.990482 0.126107 97.528679 0.066607 -0.129668 0.989318 -0.124838 0.000000 0.000000 0.000000 1.000000
0.996252 -0.046195 -0.073129 1.644380 0.055184 0.990481 0.126100 97.523544 0.066608 -0.129663 0.989318 -0.135293 0.000000 0.000000 0.000000 1.000000
0.996250 -0.046223 -0.073133 1.574120 0.055211 0.990482 0.126081 97.518250 0.066609 -0.129646 0.989320 -0.145439 0.000000 0.000000 0.000000 1.000000
0.996249 -0.046256 -0.073138 1.504393 0.055243 0.990483 0.126061 97.512978 0.066611 -0.129629 0.989323 -0.155407 0.000000 0.000000 0.000000 1.000000
0.996247 -0.046292 -0.073142 1.435046 0.055278 0.990484 0.126041 97.507950 0.066612 -0.129611 0.989325 -0.165111 0.000000 0.000000 0.000000 1.000000
0.996245 -0.046321 -0.073146 1.366376 0.055306 0.990485 0.126020 97.502731 0.066613 -0.129592 0.989327 -0.174686 0.000000 0.000000 0.000000 1.000000
0.996243 -0.046348 -0.073149 1.298128 0.055331 0.990486 0.125998 97.497681 0.066614 -0.129572 0.989330 -0.183926 0.000000 0.000000 0.000000 1.000000
0.996242 -0.046383 -0.073154 1.230250 0.055365 0.990487 0.125976 97.492943 0.066615 -0.129553 0.989332 -0.193066 0.000000 0.000000 0.000000 1.000000
0.996239 -0.046421 -0.073158 1.162773 0.055402 0.990488 0.125954 97.488274 0.066615 -0.129533 0.989335 -0.202024 0.000000 0.000000 0.000000 1.000000
0.996237 -0.046464 -0.073164 1.095626 0.055444 0.990488 0.125931 97.483582 0.066616 -0.129514 0.989337 -0.210822 0.000000 0.000000 0.000000 1.000000
0.996235 -0.046496 -0.073167 1.029031 0.055474 0.990490 0.125906 97.478920 0.066617 -0.129491 0.989340 -0.219291 0.000000 0.000000 0.000000 1.000000
0.996233 -0.046537 -0.073171 0.962645 0.055515 0.990491 0.125880 97.474762 0.066618 -0.129468 0.989343 -0.227700 0.000000 0.000000 0.000000 1.000000
0.996231 -0.046570 -0.073174 0.896768 0.055546 0.990493 0.125853 97.470299 0.066617 -0.129443 0.989347 -0.235802 0.000000 0.000000 0.000000 1.000000
0.996228 -0.046626 -0.073179 0.831016 0.055601 0.990493 0.125826 97.466476 0.066617 -0.129420 0.989350 -0.243947 0.000000 0.000000 0.000000 1.000000
0.996225 -0.046686 -0.073184 0.765523 0.055659 0.990493 0.125799 97.462883 0.066615 -0.129397 0.989353 -0.251801 0.000000 0.000000 0.000000 1.000000
0.996223 -0.046724 -0.073187 0.700586 0.055695 0.990495 0.125771 97.458435 0.066614 -0.129372 0.989356 -0.259410 0.000000 0.000000 0.000000 1.000000
0.996220 -0.046776 -0.073190 0.635718 0.055745 0.990496 0.125742 97.454971 0.066612 -0.129346 0.989360 -0.266737 0.000000 0.000000 0.000000 1.000000
0.996217 -0.046839 -0.073195 0.570966 0.055806 0.990496 0.125712 97.452034 0.066611 -0.129321 0.989363 -0.274153 0.000000 0.000000 0.000000 1.000000
0.996214 -0.046891 -0.073198 0.506573 0.055856 0.990497 0.125681 97.448746 0.066609 -0.129294 0.989367 -0.281230 0.000000 0.000000 0.000000 1.000000
0.996211 -0.046965 -0.073203 0.442147 0.055929 0.990497 0.125650 97.445938 0.066607 -0.129268 0.989370 -0.288224 0.000000 0.000000 0.000000 1.000000
0.996207 -0.047026 -0.073207 0.377991 0.055987 0.990498 0.125619 97.443497 0.066604 -0.129241 0.989374 -0.295025 0.000000 0.000000 0.000000 1.000000
0.996204 -0.047098 -0.073211 0.313816 0.056058 0.990498 0.125587 97.441360 0.066601 -0.129214 0.989378 -0.301720 0.000000 0.000000 0.000000 1.000000
0.996200 -0.047163 -0.073215 0.250669 0.056120 0.990498 0.125554 97.438896 0.066598 -0.129186 0.989382 -0.308194 0.000000 0.000000 0.000000 1.000000
0.996196 -0.047245 -0.073220 0.189184 0.056200 0.990498 0.125520 97.437485 0.066594 -0.129158 0.989385 -0.314552 0.000000 0.000000 0.000000 1.000000
0.996192 -0.047329 -0.073225 0.130523 0.056282 0.990498 0.125486 97.435631 0.066590 -0.129130 0.989389 -0.320720 0.000000 0.000000 0.000000 1.000000
0.996188 -0.047404 -0.073229 0.075705 0.056356 0.990498 0.125452 97.434288 0.066586 -0.129101 0.989393 -0.326712 0.000000 0.000000 0.000000 1.000000
0.996183 -0.047491 -0.073233 0.025446 0.056440 0.990497 0.125418 97.433365 0.066581 -0.129072 0.989397 -0.332620 0.000000 0.000000 0.000000 1.000000
0.996179 -0.047573 -0.073237 -0.019073 0.056520 0.990497 0.125382 97.432327 0.066576 -0.129042 0.989402 -0.338283 0.000000 0.000000 0.000000 1.000000
0.996174 -0.047676 -0.073243 -0.059784 0.056620 0.990496 0.125346 97.432449 0.066571 -0.129014 0.989406 -0.344035 0.000000 0.000000 0.000000 1.000000
0.996170 -0.047761 -0.073246 -0.098067 0.056703 0.990496 0.125310 97.431892 0.066565 -0.128983 0.989410 -0.349378 0.000000 0.000000 0.000000 1.000000
0.996166 -0.047841 -0.073248 -0.133753 0.056780 0.990496 0.125274 97.431320 0.066559 -0.128953 0.989415 -0.354608 0.000000 0.000000 0.000000 1.000000
0.996161 -0.047932 -0.073251 -0.166722 0.056868 0.990496 0.125237 97.431641 0.066552 -0.128922 0.989419 -0.359581 0.000000 0.000000 0.000000 1.000000
0.996156 -0.048024 -0.073253 -0.196530 0.056958 0.990495 0.125199 97.432312 0.066544 -0.128891 0.989424 -0.364454 0.000000 0.000000 0.000000 1.000000
0.996151 -0.048126 -0.073257 -0.222884 0.057057 0.990494 0.125162 97.433121 0.066537 -0.128860 0.989428 -0.369284 0.000000 0.000000 0.000000 1.000000
0.996146 -0.048238 -0.073261 -0.245493 0.057167 0.990493 0.125124 97.434631 0.066529 -0.128830 0.989433 -0.373940 0.000000 0.000000 0.000000 1.000000
